7 0.9082823964641175 0.47543630042334684 0.008057877313229938 0.009481857321336022
7 0.8848197536991244 0.477332671887614 0.00853187009636116 0.013274600249870545
7 0.8570911758859506 0.4814414767268596 0.01658974740959124 0.022756457571206496
7 0.7648995795669373 0.4906072721374845 0.009479855662623606 0.014538847892715338
8 0.5572907405554828 0.4950321388874413 0.007583884530098786 0.028445571964007925
6 0.5303979243237842 0.47132749558410114 0.022751653590296357 0.03034194342827526
4 0.3540726089989873 0.4909233340481957 0.009479855662623392 0.017699466999827322
2 0.24481727248725163 0.5016694390123765 0.008057877313229973 0.011378228785603213
18 0.24410628331255488 0.4893430244946396 0.011375826795148179 0.01580309553556006
12 0.353124623432725 0.4732238670483684 0.009479855662623464 0.017699466999827253
