16 0.7484756097560975 0.44308943089430897 0.039634146341463464 0.043360433604335995
0 0.7498850036385376 0.40417647285233876 0.03275031792617291 0.03612715299363259
8 0.6488207519371497 0.4548109830140181 0.010970744008157283 0.012015576770839118
8 0.5228531019863424 0.4542885666326773 0.011362556294163058 0.012015576770839045
3 0.5893465986935849 0.44471947280496044 0.007673617261533333 0.009212276409957745
18 0.6349411475952849 0.4305276487623388 0.01089185167709097 0.01412996974325317
18 0.5692956631630883 0.456432593291636 0.005004364284068785 0.007064984871626549
12 0.569442850347914 0.4497601075795443 0.005298738653719965 0.0054949882334872765
12 0.5894603074841892 0.45368509917489236 0.007064984871626549 0.00784998319069608
17 0.20406324982244442 0.460666569304857 0.014576506669376493 0.028690267095280716
4 0.5213126409099583 0.4740950554707025 0.009125605459184172 0.010989976466974624
