7 0.8434678049237465 0.7953379408830887 0.010687728922008451 0.013952723292811697
7 0.8235192177880777 0.7787609901800212 0.01272195194770243 0.017410344309417444
7 0.7991321654556095 0.7606923808377942 0.023409680869711073 0.03136306760222876
7 0.720003454179903 0.6969541087238111 0.014043954031873227 0.019173076688664803
8 0.5488567327335448 0.5402023972699816 0.018540704178295283 0.029044137030475037
6 0.5372352721634767 0.5001082933356241 0.03172805002009928 0.0423055771019411
4 0.38499662378980315 0.37988620985031657 0.015417176015481525 0.021749331515646557
2 0.2912724622891988 0.30425591707763766 0.011511662112173582 0.015498476189000599
18 0.296048493057226 0.2936593504160672 0.01613866940677127 0.021668039516367008
12 0.3919139536072831 0.36472695237076336 0.015417176015481525 0.021749331515646432
