7 0.9064863246980195 0.5566122361799928 0.00902526222162199 0.010973268699342687
7 0.8830728620154772 0.5538383108772174 0.009916738490277528 0.01481781704018892
7 0.8551942351500796 0.5524069338742391 0.01894200071189933 0.02579108573953148
7 0.7630047915082524 0.5432027267726711 0.010995112367183993 0.016255873136244204
8 0.5572082527292753 0.5064397477973991 0.010670269130426012 0.02963246646678903
6 0.533256252381991 0.47766940246479245 0.02588097304574897 0.03451334630532718
4 0.3567048435972684 0.4621079041996709 0.011347401697386487 0.019381393429062477
2 0.24746500868348814 0.451085193623809 0.009236635819743431 0.012848580875033804
18 0.24813584346266032 0.4387547784976212 0.013010944388915107 0.01788177721122723
12 0.35774020570157916 0.4444171425809597 0.011347401697386536 0.019381393429062543
