7 0.8978610919039788 0.3753460581292115 0.009232368185039187 0.011302552111816402
7 0.8750644582747575 0.38298595075249864 0.010223424681282723 0.015146774328227365
7 0.848381609908521 0.3938504422758744 0.01945579286632191 0.026449326440043767
7 0.7590443655808401 0.42555473846938324 0.011330182242609036 0.016622664098156104
8 0.5556177763371264 0.4810134921131185 0.011392591240976723 0.029823526681819316
6 0.5259047560754879 0.4643369920269984 0.026562181471824715 0.03542135447829158
4 0.35532467354465497 0.5270043752291173 0.011767859958189462 0.01972894142960235
2 0.2494359115230773 0.564462629160654 0.0094949748143875 0.013166318510684316
18 0.24703020357599206 0.552523181696026 0.013368626279028508 0.018331932705435115
12 0.35194199186230907 0.5098426010103677 0.011767859958189509 0.01972894142960235
