7 0.9034171689318244 0.5873155371233586 0.009342213450331087 0.011479147695172666
7 0.8801597388883753 0.5827723263736968 0.010388076560406603 0.015320968707562518
7 0.8523871466100872 0.5792312213072233 0.019730290010737596 0.02680011640273537
7 0.7607388634549763 0.5630577578745172 0.011509979858609161 0.016817046420220992
8 0.5568414090846303 0.5107633506916989 0.011787712859270603 0.029912558206418426
6 0.5341541255690707 0.4802249181987243 0.02692567915685828 0.035905865103803
4 0.3585510737418672 0.45131330542272724 0.011994891319583208 0.019910828576281448
2 0.24995743800764056 0.4320325657638345 0.00963316032691561 0.013335416988808978
18 0.2511526386700809 0.4197728917175228 0.013559821870624045 0.018571688983113607
12 0.36033863920951076 0.4337295604985541 0.011994891319583208 0.019910828576281448
