7 0.8769537751540173 0.7105643856627831 0.010324858399273277 0.013165290550947097
7 0.8551360211209137 0.6989021700639013 0.011969636083302456 0.016864061071654533
7 0.8287524666967863 0.6868078471040785 0.02229449448257545 0.030029351622601754
7 0.7424743274885117 0.6425333544784986 0.013232023379036282 0.018547371273864934
8 0.5533824536399876 0.5281716925390376 0.0159778857756127 0.030037751051376
6 0.5366739449246865 0.491411236960055 0.030297295097612864 0.04039944485304823
4 0.3709963391844579 0.4085990421688762 0.01424560741519855 0.02140448669346717
2 0.2687862416952612 0.35602475463444766 0.010933008820970496 0.0148795598027084
18 0.2720965041753427 0.34447665647222164 0.01535136435603898 0.02077114551044455
12 0.3758154561056982 0.3920587317847339 0.014245607415198501 0.02140448669346717
