16 0.6479462107724652 0.22781091668736703 0.05107692782462616 0.06794365807286766
0 0.6285637540215429 0.19865830499796605 0.04236168966180363 0.0563559294989474
8 0.5827919385192109 0.32903275060885945 0.014145128743034358 0.0188164090902415
8 0.4923966333770225 0.44600713457957536 0.014425444617537645 0.019181411076151563
3 0.5349540467301349 0.3772174916423108 0.010317293941181258 0.01373931612118257
18 0.5601372823593023 0.3245894980862445 0.015196649869410331 0.020255623932997083
18 0.5267467175872103 0.40427637999022437 0.007282416736542151 0.009716464874939434
12 0.5233555700416804 0.39936554040968886 0.006670328018866201 0.008867467120288918
12 0.5397334771495222 0.38352587846490854 0.009168002086194255 0.01219769921005953
17 0.26766563708445706 0.7475463888200786 0.02546252142344822 0.03410508467899982
4 0.5016733362802618 0.46161242519947426 0.012287628710523014 0.01636377726871438
