16 0.7266468485049292 0.35276976790430414 0.047143266862383654 0.056401280648537916
0 0.719843957070582 0.314882101074643 0.03901762942758495 0.04689114636240428
8 0.6334195014391558 0.4011577739856279 0.013052078542731351 0.015624753553526854
8 0.5123614506699626 0.447594362911173 0.01342827932860653 0.015770751034004004
3 0.5741998827795668 0.4136296709380471 0.009298753813143889 0.01170457021194036
18 0.6150031507296978 0.3830138249081457 0.013419504921306403 0.017625503005000258
18 0.5574029253604073 0.43234748929837336 0.006285784632844885 0.00864821640053492
12 0.556145699602973 0.42588601931084 0.0062393596474534735 0.00725046530297176
12 0.5761882499734335 0.4221956976022701 0.008428836264581416 0.010169767459142222
17 0.20761039321844238 0.5725060274588036 0.020009175487329167 0.03297863476366615
4 0.5150337945328076 0.46718568349091066 0.011065493202213096 0.013952480266059473
