16 0.7337426571676866 0.6259723504517575 0.05081631441729779 0.06468191377022398
0 0.7503009598105783 0.593873702492309 0.042107846489814825 0.05370085444238725
8 0.6443794072363492 0.5660081416501365 0.014071259051206179 0.01791536381498632
8 0.5374753993948389 0.4771683561841996 0.014404416806599632 0.018190311171519636
3 0.5977919356477024 0.515692399111474 0.01016118294013315 0.013218018670896564
18 0.6421628135532859 0.5356202694941746 0.014838779546163607 0.019657869609767432
18 0.5761191819972585 0.5115816684180698 0.007043930244088396 0.00951907677723543
12 0.5788781284085992 0.5060113437669463 0.006674520541454475 0.008390681581469973
12 0.5943496702513777 0.5233956590558252 0.009105932740371258 0.011632564513359145
17 0.2638910227916803 0.2588864157177386 0.023719144835222843 0.034624123458786155
4 0.5283474408912601 0.49292881057335597 0.012097509319598222 0.015748503070779206
