16 0.7516503723105056 0.5203983006856973 0.0460232782361218 0.054300991191479714
0 0.7596996427618745 0.4829474515434913 0.03808084955704951 0.0451596099761217
8 0.6526274938497119 0.5014084884787019 0.012741556261732493 0.015043571197500872
8 0.5300907689397178 0.46247256620566846 0.013122975760444812 0.015163096432155436
3 0.5964625379339547 0.47344162455206906 0.009050853800125557 0.011308815247448681
18 0.6432829383129973 0.47353519166469293 0.01302757534787683 0.017077813388733033
18 0.5749335413721813 0.4787273693947654 0.006083938501835841 0.008404205077550651
12 0.5762217881724826 0.4722767713330449 0.0061011013829394755 0.006965653543508097
12 0.5950347758903815 0.4822041261584906 0.008224602921796513 0.009796988928650623
17 0.21866235828291755 0.3714321915737233 0.019112966258062584 0.03237593134922804
4 0.5251924782920283 0.4812837605848883 0.010769372192204021 0.013482301697630292
