16 0.7463634664221884 0.5713925399005972 0.04893287385594969 0.06000452492276805
0 0.7586071917282406 0.5360195966307948 0.040517688160524014 0.04985872898916802
8 0.6506764509109721 0.5324653642340177 0.013548399607660997 0.016621690231045566
8 0.5340355306984602 0.469038793104176 0.013911658558755279 0.016817466983336988
3 0.5983728414638115 0.4933918371200943 0.009703643604327017 0.01237520594642831
18 0.644633500185767 0.503016460249658 0.014069536816190577 0.018542576624567333
18 0.5764909792748746 0.4942325173009508 0.006625385668319836 0.009050653354779949
12 0.5785028373269134 0.48811983421906835 0.0064570375798296215 0.007742160251692162
12 0.5959583467425467 0.5017609099794557 0.00875647341144211 0.010808074693841832
17 0.2366848723783202 0.3156623485520995 0.02157805137713178 0.033882902454300846
4 0.5270404350087853 0.48663216150991256 0.011549466027074592 0.014748870645038955
